0.000000000000000000e+00,3.641881638846737601e-02,3.641881638846737601e-02,3.414264036418816067e-02,5.007587253414264028e-02,4.324734446130500815e-02,5.083459787556904308e-02,3.034901365705614668e-02,4.324734446130500815e-02,5.842185128983307801e-02,4.324734446130500815e-02,1.972685887708649360e-02,6.449165402124430735e-02,3.490136570561457041e-02,3.945371775417298721e-02,3.186646433990895227e-02,2.807283763277693481e-02,3.793626707132018161e-02,2.959028831562974041e-02,1.745068285280728521e-02,3.186646433990895227e-02,2.579666160849772294e-02,1.896813353566009080e-02,3.414264036418816067e-02,2.883156297420333761e-02,2.959028831562974041e-02,3.262518968133535507e-02,1.896813353566009080e-02,2.352048558421851454e-02,1.213960546282245867e-02,1.365705614567526600e-02
6.068601583113456682e-02,0.000000000000000000e+00,0.000000000000000000e+00,1.530343007915567211e-01,2.110817941952506521e-02,1.407211961301671130e-02,8.970976253298153236e-02,1.143359718557607728e-02,1.055408970976253261e-02,1.759014951627088930e-01,8.531222515391380379e-02,1.759014951627088912e-03,2.392260334212840678e-01,1.319261213720316663e-02,4.485488126649076618e-02,0.000000000000000000e+00,2.198768689533861162e-02,0.000000000000000000e+00,1.055408970976253261e-02,4.397537379067722497e-03,1.407211961301671130e-02,0.000000000000000000e+00,8.795074758135444995e-03,0.000000000000000000e+00,0.000000000000000000e+00,1.495162708883025424e-02,0.000000000000000000e+00,0.000000000000000000e+00,0.000000000000000000e+00,4.397537379067722497e-03,0.000000000000000000e+00
4.198800342759211740e-02,1.199657240788346152e-01,0.000000000000000000e+00,1.096829477292202287e-01,7.455012853470437129e-02,0.000000000000000000e+00,1.148243359040274220e-01,0.000000000000000000e+00,6.341045415595544799e-02,1.225364181662382118e-01,1.113967437874892850e-02,1.233933161953727486e-01,0.000000000000000000e+00,4.455869751499571402e-02,0.000000000000000000e+00,7.712082262210796790e-03,2.399314481576692373e-02,0.000000000000000000e+00,0.000000000000000000e+00,3.684661525278491723e-02,2.999143101970865380e-02,1.371036846615252859e-02,0.000000000000000000e+00,8.568980291345330369e-04,1.885175664095972703e-02,1.713796058269066074e-03,2.142245072836332365e-02,0.000000000000000000e+00,9.425878320479863515e-03,9.425878320479863515e-03,0.000000000000000000e+00
6.015037593984962072e-02,3.082706766917293062e-01,0.000000000000000000e+00,0.000000000000000000e+00,1.611170784103115039e-02,4.296455424274973033e-03,1.074113856068743258e-03,3.222341568206229991e-03,0.000000000000000000e+00,0.000000000000000000e+00,1.503759398496240518e-02,4.296455424274973033e-03,8.592910848549946065e-03,0.000000000000000000e+00,1.460794844253490987e-01,0.000000000000000000e+00,0.000000000000000000e+00,1.793770139634801308e-01,1.729323308270676596e-01,1.718582169709989213e-02,4.940923737916218944e-02,0.000000000000000000e+00,0.000000000000000000e+00,0.000000000000000000e+00,0.000000000000000000e+00,0.000000000000000000e+00,0.000000000000000000e+00,0.000000000000000000e+00,0.000000000000000000e+00,1.396348012889366344e-02,0.000000000000000000e+00
7.114228456913827825e-02,3.206412825651302340e-02,6.012024048096192320e-03,9.418837675350701100e-02,0.000000000000000000e+00,2.705410821643286501e-02,6.513026052104207986e-02,6.813627254509017905e-02,1.002004008016032094e-01,2.605210420841683194e-02,5.511022044088176308e-02,1.793587174348697522e-01,5.611222444889779615e-02,1.803607214428857783e-02,5.410821643286573002e-02,0.000000000000000000e+00,6.012024048096192320e-03,0.000000000000000000e+00,0.000000000000000000e+00,0.000000000000000000e+00,6.012024048096192320e-03,0.000000000000000000e+00,2.204408817635270662e-02,0.000000000000000000e+00,0.000000000000000000e+00,1.703406813627254476e-02,9.619238476953907713e-02,0.000000000000000000e+00,0.000000000000000000e+00,0.000000000000000000e+00,0.000000000000000000e+00
6.859205776173285529e-02,3.128760529482551428e-02,8.423586040914560202e-03,4.211793020457280101e-02,2.527075812274368061e-02,0.000000000000000000e+00,1.083032490974729194e-02,8.423586040914560202e-03,3.489771359807460754e-02,6.016847172081829336e-03,6.498194945848374815e-02,2.647412755716004734e-02,0.000000000000000000e+00,1.155234657039711232e-01,3.249097472924187407e-02,3.610108303249097601e-03,0.000000000000000000e+00,2.166064981949458387e-02,1.203369434416365867e-02,5.174488567990372795e-02,7.220216606498195203e-03,8.423586040914560202e-03,3.092659446450060079e-01,1.805054151624548714e-02,2.888086642599278081e-02,3.730445246690734101e-02,0.000000000000000000e+00,4.813477737665463468e-03,3.610108303249097601e-03,1.805054151624548714e-02,0.000000000000000000e+00
5.684210526315789519e-02,4.000000000000000083e-02,8.421052631578947179e-03,1.052631578947368397e-02,6.631578947368421684e-02,0.000000000000000000e+00,0.000000000000000000e+00,2.905263157894736881e-01,3.473684210526315624e-02,7.368421052631578781e-03,1.368421052631579003e-02,0.000000000000000000e+00,5.052631578947368307e-02,7.052631578947368696e-02,0.000000000000000000e+00,0.000000000000000000e+00,7.157894736842104755e-02,0.000000000000000000e+00,0.000000000000000000e+00,6.947368421052631249e-02,0.000000000000000000e+00,5.999999999999999778e-02,0.000000000000000000e+00,0.000000000000000000e+00,0.000000000000000000e+00,1.021052631578947406e-01,4.736842105263158048e-02,0.000000000000000000e+00,0.000000000000000000e+00,0.000000000000000000e+00,0.000000000000000000e+00
2.818489289740698858e-02,2.931228861330326813e-02,6.313416009019165442e-02,1.127395715896279543e-03,1.578354002254791361e-02,0.000000000000000000e+00,1.578354002254791361e-02,0.000000000000000000e+00,0.000000000000000000e+00,1.014656144306651589e-02,0.000000000000000000e+00,0.000000000000000000e+00,0.000000000000000000e+00,1.352874859075535452e-02,0.000000000000000000e+00,3.866967305524239285e-01,0.000000000000000000e+00,0.000000000000000000e+00,0.000000000000000000e+00,2.142051860202931132e-02,0.000000000000000000e+00,1.724915445321307805e-01,0.000000000000000000e+00,4.960541149943629990e-02,1.082299887260428362e-01,6.764374295377677260e-03,5.636978579481397716e-03,4.509582863585118173e-03,6.764374295377677260e-02,0.000000000000000000e+00,0.000000000000000000e+00
6.388526727509778735e-02,7.822685788787484343e-03,0.000000000000000000e+00,1.694915254237288130e-02,1.473272490221642639e-01,3.911342894393741998e-02,7.301173402868317563e-02,0.000000000000000000e+00,0.000000000000000000e+00,0.000000000000000000e+00,3.911342894393742171e-03,0.000000000000000000e+00,5.997392438070404258e-02,3.780964797913950737e-02,3.911342894393742171e-03,0.000000000000000000e+00,2.920469361147327025e-01,3.520208604954367521e-02,1.408083441981747008e-01,2.607561929595827825e-03,2.607561929595827825e-03,0.000000000000000000e+00,3.911342894393742171e-03,0.000000000000000000e+00,0.000000000000000000e+00,3.389830508474576259e-02,2.868318122555410521e-02,0.000000000000000000e+00,0.000000000000000000e+00,6.518904823989569997e-03,0.000000000000000000e+00
8.978675645342311384e-02,7.407407407407406996e-02,2.918069584736251304e-02,1.122334455667788923e-02,3.142536475869809470e-02,0.000000000000000000e+00,7.856341189674523676e-03,2.760942760942761143e-01,0.000000000000000000e+00,0.000000000000000000e+00,9.090909090909091161e-02,4.377104377104377303e-02,4.377104377104377303e-02,3.479236812570146026e-02,0.000000000000000000e+00,0.000000000000000000e+00,0.000000000000000000e+00,0.000000000000000000e+00,0.000000000000000000e+00,5.611672278338944615e-03,8.641975308641974829e-02,3.367003367003366856e-03,0.000000000000000000e+00,0.000000000000000000e+00,1.503928170594837355e-01,6.734006734006733712e-03,6.734006734006733712e-03,0.000000000000000000e+00,7.856341189674523676e-03,0.000000000000000000e+00,0.000000000000000000e+00
6.222222222222222043e-02,1.111111111111111049e-01,1.481481481481481538e-02,8.888888888888889228e-02,5.925925925925925632e-03,1.570370370370370305e-01,8.888888888888888881e-03,7.259259259259259744e-02,0.000000000000000000e+00,9.481481481481481011e-02,0.000000000000000000e+00,9.481481481481481011e-02,1.481481481481481538e-02,7.851851851851851527e-02,2.962962962962963076e-02,0.000000000000000000e+00,0.000000000000000000e+00,0.000000000000000000e+00,0.000000000000000000e+00,3.851851851851852138e-02,3.111111111111111022e-02,0.000000000000000000e+00,3.555555555555555552e-02,4.444444444444444441e-03,3.851851851851852138e-02,4.444444444444444441e-03,4.444444444444444441e-03,0.000000000000000000e+00,0.000000000000000000e+00,8.888888888888888881e-03,0.000000000000000000e+00
7.220708446866484775e-02,0.000000000000000000e+00,1.362397820163487689e-03,3.950953678474114494e-02,3.283378746594005637e-01,2.452316076294278058e-02,1.498637602179836437e-02,1.907356948228882895e-02,1.498637602179836437e-02,4.632152588555858014e-02,7.084468664850136765e-02,0.000000000000000000e+00,1.089918256130790152e-02,1.634877384196185141e-02,6.130790190735695144e-02,0.000000000000000000e+00,1.362397820163487689e-03,1.512261580381471515e-01,0.000000000000000000e+00,0.000000000000000000e+00,6.130790190735695144e-02,0.000000000000000000e+00,1.362397820163487689e-03,0.000000000000000000e+00,0.000000000000000000e+00,0.000000000000000000e+00,1.771117166212534191e-02,0.000000000000000000e+00,0.000000000000000000e+00,4.632152588555858014e-02,0.000000000000000000e+00
1.095238095238095233e-01,2.523809523809523725e-01,0.000000000000000000e+00,7.142857142857142461e-02,1.730158730158730118e-01,0.000000000000000000e+00,5.714285714285714107e-02,4.920634920634920501e-02,2.222222222222222307e-02,6.349206349206348854e-02,6.031746031746031828e-02,3.015873015873015914e-02,0.000000000000000000e+00,1.269841269841269840e-02,6.349206349206349201e-03,0.000000000000000000e+00,6.349206349206349201e-03,0.000000000000000000e+00,0.000000000000000000e+00,4.761904761904762334e-03,4.920634920634920501e-02,0.000000000000000000e+00,0.000000000000000000e+00,0.000000000000000000e+00,1.587301587301587300e-03,1.746031746031746074e-02,1.269841269841269840e-02,0.000000000000000000e+00,0.000000000000000000e+00,0.000000000000000000e+00,0.000000000000000000e+00
9.516616314199395632e-02,0.000000000000000000e+00,7.552870090634441515e-03,4.078549848942598227e-02,3.776435045317220324e-02,6.646525679758308325e-02,1.450151057401812826e-01,6.042296072507552865e-03,1.057401812688821691e-01,7.099697885196375180e-02,9.063444108761330165e-03,7.099697885196375180e-02,7.552870090634441515e-03,0.000000000000000000e+00,0.000000000000000000e+00,3.172205438066465211e-02,7.552870090634441515e-03,0.000000000000000000e+00,1.510574018126888216e-03,1.057401812688821795e-02,1.510574018126888216e-03,7.250755287009064132e-02,1.057401812688821795e-02,4.833836858006042292e-02,4.682779456193353340e-02,3.927492447129909275e-02,1.661631419939577081e-02,0.000000000000000000e+00,0.000000000000000000e+00,4.984894259818731244e-02,0.000000000000000000e+00
6.972477064220183873e-02,2.568807339449541427e-02,0.000000000000000000e+00,1.247706422018348693e-01,1.027522935779816571e-01,1.357798165137614754e-01,0.000000000000000000e+00,3.669724770642202039e-03,0.000000000000000000e+00,1.100917431192660612e-02,1.981651376146789101e-01,3.302752293577981835e-02,4.770642201834862650e-02,2.752293577981651529e-02,0.000000000000000000e+00,0.000000000000000000e+00,0.000000000000000000e+00,4.770642201834862650e-02,0.000000000000000000e+00,7.339449541284404077e-03,1.467889908256880815e-01,0.000000000000000000e+00,0.000000000000000000e+00,0.000000000000000000e+00,3.669724770642202039e-03,0.000000000000000000e+00,0.000000000000000000e+00,0.000000000000000000e+00,0.000000000000000000e+00,1.467889908256880815e-02,0.000000000000000000e+00
7.205623901581721669e-02,0.000000000000000000e+00,4.358523725834798079e-01,0.000000000000000000e+00,0.000000000000000000e+00,5.272407732864674984e-03,0.000000000000000000e+00,0.000000000000000000e+00,0.000000000000000000e+00,0.000000000000000000e+00,0.000000000000000000e+00,0.000000000000000000e+00,0.000000000000000000e+00,0.000000000000000000e+00,0.000000000000000000e+00,0.000000000000000000e+00,0.000000000000000000e+00,0.000000000000000000e+00,0.000000000000000000e+00,0.000000000000000000e+00,0.000000000000000000e+00,4.920913884007029754e-02,0.000000000000000000e+00,3.514938488576450221e-02,0.000000000000000000e+00,0.000000000000000000e+00,0.000000000000000000e+00,3.005272407732864637e-01,5.799648506151142136e-02,0.000000000000000000e+00,4.393673110720562602e-02
1.314168377823408673e-01,3.696098562628336720e-02,0.000000000000000000e+00,4.312114989733059622e-02,2.258726899383983744e-02,6.160164271047228156e-03,1.724845995893223849e-01,2.669404517453798781e-02,3.613963039014373990e-01,0.000000000000000000e+00,0.000000000000000000e+00,0.000000000000000000e+00,2.053388090349075878e-02,1.848049281314168360e-02,0.000000000000000000e+00,0.000000000000000000e+00,0.000000000000000000e+00,0.000000000000000000e+00,0.000000000000000000e+00,1.642710472279260842e-02,0.000000000000000000e+00,0.000000000000000000e+00,1.437371663244353150e-02,0.000000000000000000e+00,0.000000000000000000e+00,4.722792607802874659e-02,8.213552361396303514e-02,0.000000000000000000e+00,0.000000000000000000e+00,0.000000000000000000e+00,0.000000000000000000e+00
1.126760563380281716e-01,8.920187793427229728e-02,4.694835680751173815e-03,4.929577464788732072e-02,8.920187793427229728e-02,4.225352112676056260e-02,0.000000000000000000e+00,0.000000000000000000e+00,7.981220657276995312e-02,0.000000000000000000e+00,0.000000000000000000e+00,1.784037558685445946e-01,0.000000000000000000e+00,7.276995305164318806e-02,2.065727699530516548e-01,0.000000000000000000e+00,0.000000000000000000e+00,0.000000000000000000e+00,1.173708920187793367e-02,4.694835680751173815e-03,2.582159624413145685e-02,0.000000000000000000e+00,0.000000000000000000e+00,0.000000000000000000e+00,0.000000000000000000e+00,0.000000000000000000e+00,0.000000000000000000e+00,0.000000000000000000e+00,0.000000000000000000e+00,3.286384976525821844e-02,0.000000000000000000e+00
1.264705882352941124e-01,2.882352941176470340e-01,0.000000000000000000e+00,2.941176470588235253e-03,2.941176470588235253e-03,7.941176470588234837e-02,0.000000000000000000e+00,0.000000000000000000e+00,2.058823529411764608e-01,0.000000000000000000e+00,0.000000000000000000e+00,2.941176470588235253e-03,0.000000000000000000e+00,4.117647058823529355e-02,8.823529411764705760e-03,0.000000000000000000e+00,7.941176470588234837e-02,1.176470588235294101e-02,0.000000000000000000e+00,1.176470588235294101e-01,0.000000000000000000e+00,0.000000000000000000e+00,0.000000000000000000e+00,0.000000000000000000e+00,0.000000000000000000e+00,0.000000000000000000e+00,0.000000000000000000e+00,0.000000000000000000e+00,0.000000000000000000e+00,3.235294117647059126e-02,0.000000000000000000e+00
7.086614173228346358e-02,6.299212598425196763e-02,2.362204724409448786e-02,1.469816272965879245e-01,0.000000000000000000e+00,6.561679790026246628e-02,9.711286089238845010e-02,0.000000000000000000e+00,4.199475065616797842e-02,2.624671916010498651e-02,1.312335958005249326e-02,2.624671916010498651e-03,0.000000000000000000e+00,3.412073490813648247e-02,1.574803149606299191e-02,2.887139107611548516e-02,0.000000000000000000e+00,0.000000000000000000e+00,1.049868766404199460e-02,0.000000000000000000e+00,0.000000000000000000e+00,5.774278215223097033e-02,2.362204724409448786e-02,8.136482939632545819e-02,6.561679790026246628e-02,4.724409448818897572e-02,0.000000000000000000e+00,1.049868766404199460e-02,2.887139107611548516e-02,4.461942257217847707e-02,0.000000000000000000e+00
9.178743961352657521e-02,6.280193236714975979e-02,0.000000000000000000e+00,1.376811594202898559e-01,1.449275362318840597e-02,2.415458937198067518e-03,0.000000000000000000e+00,2.657004830917874399e-02,0.000000000000000000e+00,2.004830917874396157e-01,1.159420289855072478e-01,1.594202898550724501e-01,4.589371980676328761e-02,4.830917874396135035e-03,1.376811594202898559e-01,0.000000000000000000e+00,0.000000000000000000e+00,0.000000000000000000e+00,0.000000000000000000e+00,0.000000000000000000e+00,0.000000000000000000e+00,0.000000000000000000e+00,0.000000000000000000e+00,0.000000000000000000e+00,0.000000000000000000e+00,0.000000000000000000e+00,0.000000000000000000e+00,0.000000000000000000e+00,0.000000000000000000e+00,0.000000000000000000e+00,0.000000000000000000e+00
7.083333333333333148e-02,0.000000000000000000e+00,2.312500000000000111e-01,0.000000000000000000e+00,8.333333333333333218e-03,1.041666666666666609e-02,2.916666666666666852e-01,4.166666666666666609e-03,0.000000000000000000e+00,2.083333333333333218e-02,0.000000000000000000e+00,0.000000000000000000e+00,0.000000000000000000e+00,2.083333333333333218e-02,0.000000000000000000e+00,7.083333333333333148e-02,1.250000000000000069e-02,0.000000000000000000e+00,0.000000000000000000e+00,4.166666666666666609e-03,0.000000000000000000e+00,0.000000000000000000e+00,0.000000000000000000e+00,1.687500000000000111e-01,1.458333333333333356e-02,6.041666666666666713e-02,0.000000000000000000e+00,0.000000000000000000e+00,1.041666666666666609e-02,0.000000000000000000e+00,0.000000000000000000e+00
5.912596401028277771e-02,3.084832904884318716e-02,5.141388174807197571e-03,3.856041131105398395e-02,2.570694087403598786e-03,7.017994858611825704e-01,1.028277634961439514e-02,7.712082262210796790e-03,2.056555269922879028e-02,0.000000000000000000e+00,0.000000000000000000e+00,1.028277634961439514e-02,0.000000000000000000e+00,5.398457583547557753e-02,0.000000000000000000e+00,0.000000000000000000e+00,0.000000000000000000e+00,0.000000000000000000e+00,0.000000000000000000e+00,2.313624678663239037e-02,7.712082262210796790e-03,0.000000000000000000e+00,0.000000000000000000e+00,5.141388174807197571e-03,7.712082262210796790e-03,1.542416452442159358e-02,0.000000000000000000e+00,0.000000000000000000e+00,0.000000000000000000e+00,0.000000000000000000e+00,0.000000000000000000e+00
8.823529411764706454e-02,0.000000000000000000e+00,4.117647058823529216e-01,0.000000000000000000e+00,0.000000000000000000e+00,1.960784313725490169e-02,0.000000000000000000e+00,0.000000000000000000e+00,0.000000000000000000e+00,0.000000000000000000e+00,0.000000000000000000e+00,0.000000000000000000e+00,0.000000000000000000e+00,1.225490196078431356e-02,0.000000000000000000e+00,1.470588235294117627e-02,0.000000000000000000e+00,0.000000000000000000e+00,0.000000000000000000e+00,7.352941176470588133e-03,0.000000000000000000e+00,1.519607843137254777e-01,0.000000000000000000e+00,0.000000000000000000e+00,3.921568627450980338e-02,0.000000000000000000e+00,0.000000000000000000e+00,1.470588235294117627e-02,4.901960784313725422e-03,7.352941176470588133e-03,2.279411764705882304e-01
8.666666666666666963e-02,1.555555555555555511e-02,1.799999999999999933e-01,6.666666666666667095e-03,6.666666666666667095e-03,2.666666666666666838e-02,1.777777777777777776e-02,0.000000000000000000e+00,0.000000000000000000e+00,2.444444444444444364e-01,2.222222222222222307e-02,8.888888888888888881e-03,0.000000000000000000e+00,2.222222222222222307e-02,0.000000000000000000e+00,6.888888888888888840e-02,0.000000000000000000e+00,0.000000000000000000e+00,0.000000000000000000e+00,8.888888888888888881e-03,4.444444444444444441e-03,2.222222222222222307e-02,6.666666666666667095e-03,2.244444444444444464e-01,0.000000000000000000e+00,8.888888888888888881e-03,0.000000000000000000e+00,0.000000000000000000e+00,1.777777777777777776e-02,0.000000000000000000e+00,0.000000000000000000e+00
6.267029972752043154e-02,3.814713896457765790e-02,1.362397820163487733e-02,1.362397820163487733e-02,2.724795640326975379e-03,1.880108991825613085e-01,1.389645776566757474e-01,2.179836512261580303e-02,1.035422343324250705e-01,0.000000000000000000e+00,0.000000000000000000e+00,0.000000000000000000e+00,0.000000000000000000e+00,7.629427792915531581e-02,0.000000000000000000e+00,5.449591280653950758e-03,2.452316076294278058e-02,0.000000000000000000e+00,0.000000000000000000e+00,7.084468664850136765e-02,0.000000000000000000e+00,1.008174386920980964e-01,5.722070844686648339e-02,4.087193460490463198e-02,2.724795640326975465e-02,0.000000000000000000e+00,1.089918256130790152e-02,2.724795640326975379e-03,0.000000000000000000e+00,0.000000000000000000e+00,0.000000000000000000e+00
1.230769230769230838e-01,3.076923076923077094e-02,3.076923076923076920e-03,6.153846153846153841e-03,2.030769230769230715e-01,0.000000000000000000e+00,6.461538461538461620e-02,2.123076923076923084e-01,4.923076923076923073e-02,5.230769230769230504e-02,3.692307692307692651e-02,1.230769230769230768e-02,2.769230769230769315e-02,1.538461538461538547e-02,0.000000000000000000e+00,0.000000000000000000e+00,1.446153846153846179e-01,0.000000000000000000e+00,0.000000000000000000e+00,3.076923076923076920e-03,0.000000000000000000e+00,0.000000000000000000e+00,0.000000000000000000e+00,0.000000000000000000e+00,0.000000000000000000e+00,1.538461538461538547e-02,0.000000000000000000e+00,0.000000000000000000e+00,0.000000000000000000e+00,0.000000000000000000e+00,0.000000000000000000e+00
1.115702479338843006e-01,0.000000000000000000e+00,3.636363636363636465e-01,0.000000000000000000e+00,0.000000000000000000e+00,1.239669421487603340e-02,0.000000000000000000e+00,0.000000000000000000e+00,0.000000000000000000e+00,0.000000000000000000e+00,0.000000000000000000e+00,0.000000000000000000e+00,0.000000000000000000e+00,0.000000000000000000e+00,0.000000000000000000e+00,2.314049586776859568e-01,0.000000000000000000e+00,0.000000000000000000e+00,0.000000000000000000e+00,0.000000000000000000e+00,0.000000000000000000e+00,0.000000000000000000e+00,0.000000000000000000e+00,0.000000000000000000e+00,0.000000000000000000e+00,0.000000000000000000e+00,0.000000000000000000e+00,0.000000000000000000e+00,1.983471074380165344e-01,4.132231404958677801e-03,7.851239669421487821e-02
9.502262443438913575e-02,0.000000000000000000e+00,7.058823529411765163e-01,0.000000000000000000e+00,0.000000000000000000e+00,4.524886877828054703e-03,0.000000000000000000e+00,0.000000000000000000e+00,0.000000000000000000e+00,1.357466063348416324e-02,0.000000000000000000e+00,0.000000000000000000e+00,0.000000000000000000e+00,0.000000000000000000e+00,0.000000000000000000e+00,4.977375565610859393e-02,0.000000000000000000e+00,0.000000000000000000e+00,0.000000000000000000e+00,0.000000000000000000e+00,0.000000000000000000e+00,4.524886877828054703e-03,0.000000000000000000e+00,1.357466063348416324e-02,1.357466063348416324e-02,0.000000000000000000e+00,0.000000000000000000e+00,8.597285067873303155e-02,0.000000000000000000e+00,0.000000000000000000e+00,1.357466063348416324e-02
1.134020618556701027e-01,1.030927835051546372e-02,3.092783505154639290e-02,5.670103092783505133e-02,0.000000000000000000e+00,4.123711340206185488e-02,0.000000000000000000e+00,0.000000000000000000e+00,4.639175257731958935e-02,0.000000000000000000e+00,0.000000000000000000e+00,5.154639175257731687e-02,0.000000000000000000e+00,2.371134020618556604e-01,0.000000000000000000e+00,0.000000000000000000e+00,0.000000000000000000e+00,1.288659793814432852e-01,4.123711340206185488e-02,1.030927835051546337e-01,0.000000000000000000e+00,1.030927835051546372e-02,0.000000000000000000e+00,2.061855670103092744e-02,8.247422680412370977e-02,0.000000000000000000e+00,0.000000000000000000e+00,0.000000000000000000e+00,0.000000000000000000e+00,0.000000000000000000e+00,2.577319587628865843e-02
1.183431952662721831e-01,0.000000000000000000e+00,7.396449704142011861e-01,0.000000000000000000e+00,0.000000000000000000e+00,0.000000000000000000e+00,0.000000000000000000e+00,0.000000000000000000e+00,0.000000000000000000e+00,0.000000000000000000e+00,0.000000000000000000e+00,0.000000000000000000e+00,0.000000000000000000e+00,0.000000000000000000e+00,0.000000000000000000e+00,0.000000000000000000e+00,0.000000000000000000e+00,0.000000000000000000e+00,0.000000000000000000e+00,1.183431952662721866e-02,0.000000000000000000e+00,0.000000000000000000e+00,0.000000000000000000e+00,7.692307692307692735e-02,0.000000000000000000e+00,0.000000000000000000e+00,0.000000000000000000e+00,4.142011834319526964e-02,1.183431952662721866e-02,0.000000000000000000e+00,0.000000000000000000e+00
